image_width: 1280
image_height: 720
checkerboard:
  inner_cols: 9
  inner_rows: 6
  square_size_m: 0.02
camera_matrix:
  rows: 3
  cols: 3
  data:
  - 715.799008441473
  - 0.0
  - 647.5868808504542
  - 0.0
  - 708.73219833496
  - 342.57774638549455
  - 0.0
  - 0.0
  - 1.0
distortion_model: plumb_bob
distortion_coefficients:
  rows: 1
  cols: 5
  data:
  - -0.05432299559622244
  - 0.0900841757390232
  - -0.004535687821549576
  - 0.004554663275012315
  - 0.0
rms_error: 0.7204770611865315
mean_reprojection_error_px: 0.08020711681248399
per_view_reprojection_error_px:
- 0.038631475525562085
- 0.01782011503734761
- 0.013558566397339515
- 0.05795823514394056
- 0.01870905744323679
- 0.016560296698770054
- 0.03200298647858025
- 0.04919420840128516
- 0.06814378892358418
- 0.10369971585413024
- 0.11449230355725966
- 0.03955433981445363
- 0.15223238950958048
- 0.0766693958817218
- 0.07261331078062339
- 0.04630335133180415
- 0.06678614465588727
- 0.058684437366039614
- 0.059394226577494706
- 0.06301216916210492
- 0.1392887924167681
- 0.0444793911353695
- 0.07093943781371122
- 0.06833660686471865
- 0.08091322162497665
- 0.06044849705559957
- 0.06218280492591733
- 0.06086123282905528
- 0.08384055452674094
- 0.0617359127827541
- 0.05229044699519136
- 0.07126009894672991
- 0.06810677362150802
- 0.056928548235500705
- 0.07412414193183824
- 0.0689020068185663
- 0.17866380019300174
- 0.32149124897039
- 0.09010038224314301
- 0.07849934752730493
- 0.08984259217000401
- 0.13527968704216686
- 0.07718513537096755
- 0.12393686088261949
- 0.35087658276345546
- 0.08516803599977425
- 0.09643029541491302
- 0.05080762559468202
- 0.08785913002750538
- 0.05725471488809872
- 0.0874821261199926
- 0.07460260597722836
- 0.0683697086668516
- 0.062071556135846535
- 0.062337881833857654
- 0.06559655694601345
- 0.06606483795459421
- 0.06936943962361879
- 0.07414479929764724
- 0.06833307403967026
accepted_frames: 60
