frames: 60
image_size: 1280 x 720
checkerboard_inner_corners: 9 x 6
square_size_m: 0.020000
fx fy cx cy: 715.799008 708.732198 647.586881 342.577746
distortion k1 k2 p1 p2 k3: -0.054322996 0.090084176 -0.004535688 0.004554663 0.000000000
rms_error: 0.720477
mean_reprojection_error_px: 0.080207
fast_livo_yaml: calibration/camera_intrinsic/checkerboard_20260618_190320/camera_pinhole_rgb.yaml
