image_width: 640
image_height: 480
checkerboard:
  inner_cols: 9
  inner_rows: 6
  square_size_m: 0.02
camera_matrix:
  rows: 3
  cols: 3
  data:
  - 470.3960881155439
  - 0.0
  - 321.688507223247
  - 0.0
  - 466.76937094238025
  - 241.3627172853479
  - 0.0
  - 0.0
  - 1.0
distortion_model: plumb_bob
distortion_coefficients:
  rows: 1
  cols: 5
  data:
  - -0.039706825582215347
  - 0.06347813896967133
  - 0.002692837157677103
  - 0.0030212673172192975
  - 0.0
rms_error: 0.37630862528824827
mean_reprojection_error_px: 0.03980037956142778
per_view_reprojection_error_px:
- 0.06942742811531707
- 0.2685835944438257
- 0.03943527254884459
- 0.06302075710069398
- 0.02736979128854721
- 0.02347911545791427
- 0.03194730496244056
- 0.03338403805977564
- 0.028790064836600522
- 0.021381056270423644
- 0.018942416209370688
- 0.030519695730972855
- 0.03950771692209101
- 0.021218741890076474
- 0.02100309195770114
- 0.023501114002375912
- 0.025625649675464716
- 0.021874833436511882
- 0.04178184582686071
- 0.0172492026352261
- 0.015637468430316114
- 0.021331052406613208
- 0.018883593235085254
- 0.01632285726872142
- 0.03009196043848355
- 0.02774594395829834
- 0.052093117179483305
- 0.0542894954865357
- 0.041434728219657276
- 0.05990783609141385
- 0.04234565089199976
- 0.036083846073927145
- 0.057085544813436716
- 0.045197663367421946
- 0.03268472179532081
- 0.035619764365591076
- 0.041296931890080796
- 0.037987223877605905
- 0.04399135552811275
- 0.07043038092779706
- 0.042851516492182995
- 0.04501031905646496
- 0.04927243877807253
- 0.038336852442097974
- 0.038619386367958815
- 0.04389024077655746
- 0.03922936449416259
- 0.03619530099680288
- 0.04004538836570604
- 0.031390721424879246
- 0.029554999164079686
- 0.03585760767613901
- 0.03242246419918623
- 0.029008995170252974
- 0.0339366061974871
- 0.030054399573830153
- 0.038526775434556945
- 0.03263167515635638
- 0.034382489331212504
- 0.03830136497074405
accepted_frames: 60
