frames: 60
image_size: 640 x 480
checkerboard_inner_corners: 9 x 6
square_size_m: 0.020000
fx fy cx cy: 470.396088 466.769371 321.688507 241.362717
distortion k1 k2 p1 p2 k3: -0.039706826 0.063478139 0.002692837 0.003021267 0.000000000
rms_error: 0.376309
mean_reprojection_error_px: 0.039800
fast_livo_yaml: calibration/camera_intrinsic/checkerboard_20260618_185724/camera_pinhole_rgb.yaml
